NOP
000000010|000|00|000000|000000000|000|0000

IADD
000001000|000|00|110110|000001001|010|0100
000001001|000|00|010100|100000000|000|0111
000000010|000|00|111100|001000010|100|0000

ISUB
000001000|000|00|110110|000001001|010|0100
000001001|000|00|010100|100000000|000|0111
000000010|000|00|111111|001000010|100|0000

IAND
000001000|000|00|110110|000001001|010|0100
000001001|000|00|010100|100000000|000|0111
000000010|000|00|001100|001000010|100|0000

IOR
000001000|000|00|110110|000001001|010|0100
000001001|000|00|010100|100000000|000|0111
000000010|000|00|011100|001000010|100|0000

DUP
000001000|000|00|110101|000001001|000|0100
000000010|000|00|010100|000000010|100|0111

POP
000001000|000|00|110110|000001001|010|0100
000001001|000|00|000000|000000000|000|0000
000000010|000|00|010100|000101000|000|0000

SWAP
000001000|000|00|110110|000000001|010|0100
000001001|000|00|010100|000000001|000|0100
000001010|000|00|010100|100000000|100|0000
000001011|000|00|010100|000000010|000|0111
000001100|000|00|110110|000000001|100|0100
000000010|000|00|011000|001000000|000|0000
