NOP 1
000000010000000000000000000000000000

IADD 3
000001000000001101100000010010100100
000001001000000101001000000000000111
000000010000001111000010000101000000

ISUB 3
000001000000001101100000010010100100
000001001000000101001000000000000111
000000010000001111110010000101000000

IAND 3
000001000000001101100000010010100100
000001001000000101001000000000000111
000000010000000011000010000101000000

IOR 3
000001000000001101100000010010100100
000001001000000101001000000000000111
000000010000000111000010000101000000

DUP 2
000001000000001101010000010010000100
000000010000000101000000000101000111

POP 3
000001000000001101100000010010100100
000001001000000000000000000000000000
000000010000000101000001010000000000

SWAP 6
000001000000001101100000000010100100
000001001000000101000000000010000100
000001010000000101001000000001000000
000001011000000101000000000100000111
000001100000001101100000000011000100
000000010000000110000010000000000000
